       0.010000       1.997397       0.019974      44.849464       0.500000
       0.020691       2.014110       0.020141      44.173634       0.500000
       0.042813       2.055163       0.020552      46.771990       0.500000
       0.088587       2.040596       0.020406      53.755989       0.500000
       0.183298       1.937099       0.019371      60.616162       0.500000
       0.379269       1.771826       0.017718      64.731255       0.500000
       0.784760       1.573947       0.015739      63.811319       0.500000
       1.623777       1.414856       0.014149      56.681886       0.500000
       3.359818       1.361980       0.013620      46.428764       0.500000
       6.951928       1.414531       0.014145      38.074613       0.500000
      14.384499       1.518827       0.015188      33.835572       0.500000
      29.763514       1.629627       0.016296      32.960656       0.500000
      61.584821       1.726131       0.017261      34.002603       0.500000
     127.427499       1.802548       0.018025      35.839464       0.500000
     263.665090       1.859862       0.018599      37.799536       0.500000
     545.559478       1.901466       0.019015      39.554079       0.500000
    1128.837892       1.931087       0.019311      40.987477       0.500000
    2335.721469       1.951943       0.019519      42.096179       0.500000
    4832.930239       1.966538       0.019665      42.924354       0.500000
   10000.000000       1.976719       0.019767      43.528943       0.500000
