187.04	59.87
20
   1   0      178200.00       0.129692      -0.037377       0.006749
   1   0      220200.57       0.134431      -0.037405       0.006977
   1   0      272100.39       0.139016      -0.037616       0.007201
   1   0      336232.66       0.143503      -0.038078       0.007423
   1   0      415480.48       0.147955      -0.038843       0.007648
   1   0      513406.49       0.152436      -0.039952       0.007879
   1   0      634413.01       0.157011      -0.041439       0.008119
   1   0      783939.98       0.161750      -0.043341       0.008373
   1   0      968709.47       0.166735      -0.045690       0.008644
   1   0     1197027.91       0.172064      -0.048512       0.008939
   1   0     1479159.50       0.177855      -0.051811       0.009262
   1   0     1827787.64       0.184234      -0.055564       0.009622
   1   0     2258585.15       0.191331      -0.059705       0.010022
   1   0     2790918.78       0.199258      -0.064116       0.010466
   1   0     3448719.95       0.208064      -0.068629       0.010955
   1   0     4261560.52       0.217696      -0.073076       0.011482
   1   0     5265982.25       0.228009      -0.077392       0.012039
   1   0     6507139.56       0.238890      -0.081677       0.012623
   1   0     8040829.48       0.250419      -0.086136       0.013241
   1   0     9936000.00       0.262948      -0.090876       0.013910
