   1      178200.00     595.280623    -189.206804      31.231324
   1      220200.57     619.309065    -190.658211      32.399625
   1      272100.39     642.663616    -193.020762      33.551212
   1      336232.66     665.595905    -196.676602      34.702291
   1      415480.48     688.403094    -201.937894      35.870522
   1      513406.49     711.398912    -209.067182      37.074165
   1      634413.01     734.906294    -218.309336      38.332304
   1      783939.98     759.277012    -229.917897      39.666227
   1      968709.47     784.929527    -244.156892      41.101306
   1     1197027.91     812.383794    -261.269350      42.668170
   1     1479159.50     842.270568    -281.422595      44.402094
   1     1827787.64     875.312479    -304.652321      46.340721
   1     2258585.15     912.289564    -330.802714      48.520683
   1     2790918.78     953.952489    -359.441644      50.971160
   1     3448719.95    1000.801358    -389.829192      53.702192
   1     4261560.52    1052.798316    -421.146366      56.695427
   1     5265982.25    1109.357943    -453.044769      59.915036
   1     6507139.56    1169.934141    -486.139593      63.345829
   1     8040829.48    1235.010487    -521.848142      67.036863
   1     9936000.00    1306.803816    -561.368079      71.113823
