   1      178200.00       0.370815       0.037231       0.018634
   1      220200.57       0.366095       0.037259       0.018399
   1      272100.39       0.361527       0.037469       0.018173
   1      336232.66       0.357058       0.037929       0.017953
   1      415480.48       0.352624       0.038691       0.017737
   1      513406.49       0.348160       0.039796       0.017521
   1      634413.01       0.343603       0.041277       0.017304
   1      783939.98       0.338883       0.043171       0.017081
   1      968709.47       0.333918       0.045511       0.016850
   1     1197027.91       0.328609       0.048322       0.016607
   1     1479159.50       0.322841       0.051609       0.016347
   1     1827787.64       0.316487       0.055347       0.016064
   1     2258585.15       0.309417       0.059471       0.015754
   1     2790918.78       0.301522       0.063865       0.015411
   1     3448719.95       0.292750       0.068360       0.015031
   1     4261560.52       0.283156       0.072790       0.014618
   1     5265982.25       0.272883       0.077090       0.014178
   1     6507139.56       0.262045       0.081358       0.013719
   1     8040829.48       0.250560       0.085799       0.013242
   1     9936000.00       0.238080       0.090521       0.012735
