   1      172800.00       0.365917       0.033862       0.011061
   1      212306.46       0.370160       0.035209       0.010938
   1      260845.10       0.346259       0.034013       0.010817
   1      320480.91       0.353987       0.036129       0.010697
   1      393750.97       0.359497       0.038383       0.010577
   1      483772.42       0.352210       0.039619       0.010454
   1      594375.06       0.327329       0.039063       0.010327
   1      730264.28       0.352196       0.044885       0.010196
   1      897221.21       0.334242       0.045764       0.010057
   1     1102348.72       0.320498       0.047400       0.009911
   1     1354373.59       0.336342       0.053986       0.009756
   1     1664017.74       0.303975       0.053171       0.009589
   1     2044454.38       0.312389       0.059743       0.009410
   1     2511868.50       0.294596       0.061745       0.009219
   1     3086145.33       0.283674       0.065294       0.009015
   1     3791716.40       0.284270       0.072078       0.008801
   1     4658598.91       0.278776       0.078281       0.008575
   1     5723672.74       0.262426       0.082238       0.008333
   1     7032249.46       0.253353       0.089366       0.008063
   1     8640000.00       0.260223       0.104029       0.007747
