       1.000000       3.481701       0.104800      44.782480       1.347963
       1.595943       3.565337       0.104883      45.496585       1.338394
       2.547036       3.385672       0.105265      43.021129       1.337584
       4.064925       3.517957       0.105762      45.573329       1.370098
       6.487390       3.620531       0.105917      49.243268       1.440595
      10.353507       3.572541       0.105372      51.884110       1.530319
      16.523612       3.322134       0.104077      51.271118       1.606237
      26.370751       3.570243       0.102526      57.240906       1.643773
      42.086228       3.399875       0.101358      55.939895       1.667687
      67.167239       3.283524       0.100448      56.631717       1.732451
     107.195116       3.456032       0.098975      64.749103       1.854302
     171.077344       3.101313       0.096369      64.276542       1.997304
     273.029767       3.134056       0.092728      71.616373       2.118923
     435.740069       2.888211       0.088456      71.841019       2.200248
     695.416510       2.709316       0.083905      72.313145       2.239478
    1109.845428       2.645130       0.079378      74.622958       2.239379
    1771.250545       2.538821       0.075188      74.698465       2.212223
    2826.815714       2.358375       0.071463      72.058253       2.183488
    4511.438034       2.265344       0.067986      72.482667       2.175288
    7200.000000       2.329478       0.064396      79.158516       2.188240
