   1      172800.00       0.364285       0.030690       0.011229
   1      212306.46       0.381112       0.033036       0.011125
   1      260845.10       0.360702       0.032434       0.011020
   1      320480.91       0.363754       0.034214       0.010915
   1      393750.97       0.353408       0.035058       0.010806
   1      483772.42       0.327738       0.034564       0.010694
   1      594375.06       0.347862       0.039302       0.010577
   1      730264.28       0.336857       0.041067       0.010453
   1      897221.21       0.340499       0.045085       0.010319
   1     1102348.72       0.329549       0.047654       0.010174
   1     1354373.59       0.325172       0.051561       0.010013
   1     1664017.74       0.338548       0.059008       0.009836
   1     2044454.38       0.310003       0.059426       0.009638
   1     2511868.50       0.303743       0.063964       0.009419
   1     3086145.33       0.310103       0.071546       0.009178
   1     3791716.40       0.288387       0.072607       0.008917
   1     4658598.91       0.268571       0.073441       0.008640
   1     5723672.74       0.278911       0.082490       0.008353
   1     7032249.46       0.251543       0.080322       0.008062
   1     8640000.00       0.255855       0.088402       0.007769
