       1.000000       3.418086       0.104992      44.271561       1.359874
       1.595943       3.613281       0.105079      47.164553       1.371604
       2.547036       3.456215       0.105171      45.842583       1.394969
       4.064925       3.521089       0.105187      48.063587       1.435823
       6.487390       3.450370       0.104988      49.229745       1.497960
      10.353507       3.217367       0.104405      48.706240       1.580538
      16.523612       3.418861       0.103295      55.514308       1.677265
      26.370751       3.298230       0.101591      57.734874       1.778332
      42.086228       3.305824       0.099319      62.385665       1.874284
      67.167239       3.160380       0.096561      64.113992       1.958919
     107.195116       3.071433       0.093416      66.726085       2.029438
     171.077344       3.143564       0.089972      72.843895       2.084863
     273.029767       2.826801       0.086312      69.596271       2.125014
     435.740069       2.719457       0.082516      70.868422       2.150360
     695.416510       2.727551       0.078658      74.970438       2.162031
    1109.845428       2.494676       0.074801      72.083542       2.161374
    1771.250545       2.288247       0.071005      69.279216       2.149770
    2826.815714       2.344755       0.067337      74.139361       2.129153
    4511.438034       2.091821       0.063865      68.896893       2.103479
    7200.000000       2.112462       0.060627      72.469064       2.079853
